  -3.062   0.318
  -3.141   0.074
   3.037  -0.158
  -2.993    -0.3
   2.124   0.936
   1.654   1.017
   1.127   0.984
   1.793    0.75
   1.376   0.718
   2.982   1.035
   2.588   0.881
   0.311   1.274
   2.751   1.353
  -1.913   1.458
   1.325   1.357
  -2.734   1.219
  -1.119   1.238
  -1.953   1.178
  -2.039   0.899
  -2.587   0.889
  -3.047   0.815
   2.114   0.653
   1.984   0.417
    2.24   0.342
     2.4   0.156
   2.148   0.119
   2.425   0.672
   2.871   0.711
   2.681   0.539
   2.482   0.389
   2.635   0.213
   2.568  -0.016
   2.315  -0.065
   2.956   0.457
   2.886   0.233
   2.823   0.001
  -2.755   0.648
  -2.766   0.381
  -2.369   0.662
  -2.027   0.599
  -2.453   0.403
  -1.714   0.524
  -2.178   0.309
  -2.078  -0.047
  -1.886    0.24
  -1.578   0.155
  -1.814  -0.222
  -2.438   0.118
   -2.35   -0.16
  -2.652  -0.241
  -2.875   0.124
  -1.143   0.937
  -0.218   0.573
   0.079   0.491
    -0.5   0.447
  -0.271   0.326
  -0.013   0.258
   0.122    0.05
   0.314   0.331
   0.508   0.141
   0.351  -0.104
   0.665   0.404
   0.344   0.643
   0.072   0.959
   0.571   0.942
   0.872   0.724
  -0.672   0.703
   -1.04   0.624
  -0.498   1.088
  -1.327    0.43
   0.206  -0.494
  -0.048  -0.605
  -0.239  -0.194
   0.009  -0.283
  -0.363  -0.385
   0.748  -0.975
   1.232  -1.136
   2.532  -1.436
   1.935  -1.139
   0.431  -1.212
  -0.746  -1.274
   1.093  -0.766
    0.51  -0.709
   0.187  -0.841
  -0.537  -0.941
  -0.985  -0.737
   -1.03   -0.98
  -1.501  -0.384
   -1.26   -0.52
   -0.49   0.073
  -0.245   0.079
  -0.479  -0.163
  -0.809    0.41
   -1.08   0.274
  -0.697   0.218
  -0.922   0.121
  -1.288   0.074
  -0.727  -0.004
  -1.113  -0.037
  -0.907  -0.152
  -1.079  -0.303
  -0.684  -0.261
  -0.864  -0.405
  -0.592  -0.468
  -0.394  -0.613
  -0.709  -0.663
   -0.21  -0.818
  -1.873  -0.482
  -1.605  -0.637
  -1.903  -0.774
  -1.445  -0.863
  -1.908  -1.031
  -1.812  -1.353
  -2.231   -0.67
  -2.529  -0.836
  -2.555  -1.099
   2.789  -1.044
   1.406  -0.136
   1.215   0.096
   0.999  -0.096
   1.153  -0.329
   0.914  -0.507
    0.65  -0.187
   0.967   0.286
  -2.447  -0.448
   3.034  -0.488
  -2.791  -0.503
   2.814  -0.714
  -3.037  -0.691
   1.646   0.082
   1.605   0.512
   1.334   0.387
   1.835  -0.108
   1.892   0.174
   2.731  -0.226
   2.448  -0.277
   2.645  -0.475
   2.076  -0.195
    1.86  -0.376
   1.553  -0.368
   1.418  -0.623
   2.039  -0.585
   1.752  -0.704
   2.128  -0.833
   2.353   -0.52
