0.265
-0.0525
-0.4027
-0.2641	-0.1905	-0.5489	-0.688	-0.3969	-0.4747	0.2539	0.1522	0.2565	0.0821	-0.6106	-0.5618	0.1488	-0.6634	-0.0044	-0.2218	0.2329	0.265	0.318	-0.1964
-0.1905	0.0538	-0.3399	-0.2376	0.0022	-0.6675	0.028	0.2714	0.0831	0.3102	-0.2587	-0.3271	0.5072	-0.1437	0.3384	-0.0238	0.3928	0.3405	0.6262	0.1406
-0.5489	-0.3399	-0.4059	-0.5926	-0.6667	-0.8802	-0.144	0.0809	0.3566	0.2166	-0.5151	-0.3164	0.0338	-0.1911	0.3924	0.0481	0.3571	0.2224	0.0636	-0.2038
-0.688	-0.2376	-0.5926	-0.8844	-0.6269	-0.7395	-0.2998	0.0585	-0.0358	-0.0404	-0.9591	-0.6314	-0.0525	-0.5337	0.1006	-0.067	0.2421	-0.0158	0.0258	-0.5205
-0.3969	0.0022	-0.6667	-0.6269	0.0732	-0.8358	-0.0708	-0.2364	0.5327	-0.4556	-1.164	-0.6809	1.2263	-0.9288	-0.1826	-0.5937	0.294	0.3492	-0.4629	-0.5276
-0.4747	-0.6675	-0.8802	-0.7395	-0.8358	-1.4361	-0.5014	-0.3763	-0.1751	0.1016	-0.9287	-0.789	-0.4311	-1.1896	-0.4027	0.0041	-0.1365	-0.2798	-0.2907	-0.6029
0.2539	0.028	-0.144	-0.2998	-0.0708	-0.5014	0.3258	0.4246	0.8731	0.35	-0.0453	-0.1041	0.7355	-0.159	0.5154	0.3816	0.3892	0.6383	0.8833	0.1519
0.1522	0.2714	0.0809	0.0585	-0.2364	-0.3763	0.4246	0.2231	0.5031	0.4456	-0.2428	-0.3104	0.2909	-0.2928	0.5269	0.1739	0.1615	0.3865	0.4364	-0.2511
0.2565	0.0831	0.3566	-0.0358	0.5327	-0.1751	0.8731	0.5031	0.4019	0.4589	-0.1975	-0.1627	0.3766	-0.0603	0.2538	0.2988	0.5013	0.0028	0.5141	0.2059
0.0821	0.3102	0.2166	-0.0404	-0.4556	0.1016	0.35	0.4456	0.4589	0.4911	-0.0906	-0.222	0.1425	0.2164	0.3032	0.3586	0.0833	0.3611	0.2718	-0.0096
-0.6106	-0.2587	-0.5151	-0.9591	-1.164	-0.9287	-0.0453	-0.2428	-0.1975	-0.0906	-0.9329	-1.0946	-0.6927	-0.7335	-0.1571	-0.3141	-0.0894	-0.4994	-0.4605	-0.852
-0.5618	-0.3271	-0.3164	-0.6314	-0.6809	-0.789	-0.1041	-0.3104	-0.1627	-0.222	-1.0946	-0.6022	-0.4835	-0.7635	-0.2159	-0.511	-0.4601	-0.5327	-0.2222	-0.7123
0.1488	0.5072	0.0338	-0.0525	1.2263	-0.4311	0.7355	0.2909	0.3766	0.1425	-0.6927	-0.4835	0.5045	0.0365	0.4222	0.1217	0.4595	0.1208	0.6671	0.0062
-0.6634	-0.1437	-0.1911	-0.5337	-0.9288	-1.1896	-0.159	-0.2928	-0.0603	0.2164	-0.7335	-0.7635	0.0365	-0.5341	-0.2099	0.1718	-0.3462	-0.1816	-0.0761	-0.451
-0.0044	0.3384	0.3924	0.1006	-0.1826	-0.4027	0.5154	0.5269	0.2538	0.3032	-0.1571	-0.2159	0.4222	-0.2099	0.3415	0.2831	0.4605	0.1014	-0.0561	-0.4662
-0.2218	-0.0238	0.0481	-0.067	-0.5937	0.0041	0.3816	0.1739	0.2988	0.3586	-0.3141	-0.511	0.1217	0.1718	0.2831	0.1601	0.3712	-0.0725	0.2056	-0.1859
0.2329	0.3928	0.3571	0.2421	0.294	-0.1365	0.3892	0.1615	0.5013	0.0833	-0.0894	-0.4601	0.4595	-0.3462	0.4605	0.3712	0.2979	0.0535	-0.2576	-0.4765
0.265	0.3405	0.2224	-0.0158	0.3492	-0.2798	0.6383	0.3865	0.0028	0.3611	-0.4994	-0.5327	0.1208	-0.1816	0.1014	-0.0725	0.0535	-0.1172	0.3779	-0.1736
0.318	0.6262	0.0636	0.0258	-0.4629	-0.2907	0.8833	0.4364	0.5141	0.2718	-0.4605	-0.2222	0.6671	-0.0761	-0.0561	0.2056	-0.2576	0.3779	0.8333	0.2568
-0.1964	0.1406	-0.2038	-0.5205	-0.5276	-0.6029	0.1519	-0.2511	0.2059	-0.0096	-0.852	-0.7123	0.0062	-0.451	-0.4662	-0.1859	-0.4765	-0.1736	0.2568	-0.091
