  A R N D C Q E G H I L K M F P S T W Y V
A 181 
R 63 72 
N 58 39 65 
D 68 46 73 122 
C 30 6 5 6 33 
Q 50 31 36 44 8 40 
E 97 78 43 81 9 64 102 
G 144 42 68 43 10 51 63 259 
H 27 23 23 24 3 12 21 27 44 
I 96 36 24 29 20 31 33 29 16 112 
L 150 60 35 35 26 37 49 55 30 215 218 
K 89 92 58 73 7 66 99 64 25 39 48 103 
M 49 20 11 9 13 15 17 18 7 52 90 14 28 
F 54 21 14 21 16 14 25 21 19 75 134 20 31 60 
P 52 37 17 38 4 29 35 37 9 25 42 32 13 18 69 
S 123 49 56 80 20 59 67 88 18 39 45 62 17 23 31 76 
T 110 54 52 47 13 47 57 58 21 48 75 60 14 26 51 95 73 
W 19 16 5 7 3 6 7 11 3 19 26 8 14 30 2 9 10 27 
Y 39 31 27 23 11 22 23 30 20 50 93 25 10 66 9 24 28 29 66 
V 153 45 30 36 30 30 51 56 29 223 212 57 50 72 39 63 87 18 68 138