  A R N D C Q E G H I L K M F P S T W Y V 
A 243 
R 103 86 
N 81 63 72 
D 100 70 100 142 
C 44 13 8 9 37 
Q 74 52 45 59 12 48 
E 148 113 61 128 13 96 141 
G 191 65 96 63 14 68 99 292 
H 37 38 33 33 6 21 32 39 60 
I 123 55 31 36 30 42 60 46 24 163 
L 216 85 50 54 37 60 78 92 46 310 302 
K 135 131 86 106 12 86 148 89 44 60 82 138
M 66 28 14 15 16 26 23 26 12 69 123 25 35 
F 84 35 21 28 27 20 41 32 26 104 176 31 41 79 
P 64 43 22 54 6 34 46 56 12 28 47 47 15 26 83 
S 164 74 70 102 27 85 106 119 29 58 69 93 26 46 43 102
T 146 69 65 59 19 70 85 78 30 73 109 88 23 51 63 131 84
W 31 20 6 11 5 12 10 19 6 31 39 13 15 40 2 16 19 36
Y 63 39 36 35 17 32 36 41 24 73 130 35 24 89 16 35 50 34 79 	
V 204 62 40 55 38 51 70 76 46 289 281 85 71 112 45 85 122 23 90 177